+----------------------------------------------------------------------------------------------------------------------------------------------------------------------------------------------------------------------------------------------+
; Legal Partition Candidates                                                                                                                                                                                                                   ;
+-----------------------------------------+-------+----------------+--------------+----------------+--------+-----------------+---------------+-----------------+-------+----------------+--------------+------------------+-------------------+
; Hierarchy                               ; Input ; Constant Input ; Unused Input ; Floating Input ; Output ; Constant Output ; Unused Output ; Floating Output ; Bidir ; Constant Bidir ; Unused Bidir ; Input only Bidir ; Output only Bidir ;
+-----------------------------------------+-------+----------------+--------------+----------------+--------+-----------------+---------------+-----------------+-------+----------------+--------------+------------------+-------------------+
; U4                                      ; 20    ; 4              ; 0            ; 4              ; 9      ; 4               ; 4             ; 4               ; 0     ; 0              ; 0            ; 0                ; 0                 ;
; U6|altsyncram_component|auto_generated  ; 22    ; 0              ; 0            ; 0              ; 8      ; 0               ; 0             ; 0               ; 0     ; 0              ; 0            ; 0                ; 0                 ;
; U6                                      ; 22    ; 0              ; 0            ; 0              ; 8      ; 0               ; 0             ; 0               ; 0     ; 0              ; 0            ; 0                ; 0                 ;
; U11|altsyncram_component|auto_generated ; 17    ; 0              ; 0            ; 0              ; 4      ; 0               ; 0             ; 0               ; 0     ; 0              ; 0            ; 0                ; 0                 ;
; U11                                     ; 17    ; 0              ; 0            ; 0              ; 4      ; 0               ; 0             ; 0               ; 0     ; 0              ; 0            ; 0                ; 0                 ;
; U8                                      ; 9     ; 0              ; 0            ; 0              ; 9      ; 0               ; 0             ; 0               ; 12    ; 0              ; 12           ; 0                ; 12                ;
; U5|alu                                  ; 30    ; 1              ; 2            ; 1              ; 16     ; 1               ; 1             ; 1               ; 0     ; 0              ; 0            ; 0                ; 0                 ;
; U5|mcode                                ; 21    ; 0              ; 4            ; 0              ; 37     ; 0               ; 0             ; 0               ; 0     ; 0              ; 0            ; 0                ; 0                 ;
; U5                                      ; 18    ; 13             ; 0            ; 13             ; 33     ; 13              ; 13            ; 13              ; 0     ; 0              ; 0            ; 0                ; 0                 ;
; pll|altpll_component|auto_generated     ; 3     ; 0              ; 0            ; 0              ; 6      ; 0               ; 0             ; 0               ; 0     ; 0              ; 0            ; 0                ; 0                 ;
; pll                                     ; 2     ; 0              ; 0            ; 0              ; 2      ; 0               ; 0             ; 0               ; 0     ; 0              ; 0            ; 0                ; 0                 ;
+-----------------------------------------+-------+----------------+--------------+----------------+--------+-----------------+---------------+-----------------+-------+----------------+--------------+------------------+-------------------+
